0
84
0
264
0
277
0
25
0
163
0
225
0
18
1
191
1
170
1
187
2
176
2
145
2
278
2
243
2
25
2
204
2
84
2
64
2
20
2
237
2
275
2
125
3
100
3
293
3
210
3
300
3
299
3
282
3
201
3
101
4
13
4
142
4
188
4
53
4
30
4
176
4
62
4
39
4
160
4
7
4
103
4
102
5
245
5
196
5
214
5
10
5
6
5
40
5
54
6
157
6
205
6
81
6
9
6
295
6
59
6
40
6
83
7
250
7
153
7
120
7
132
7
107
7
43
7
137
7
69
7
91
7
48
7
48
8
280
8
262
8
57
8
3
8
34
8
20
8
12
8
195
8
263
8
85
8
38
8
38
8
115
8
85
8
206
9
76
9
288
9
110
9
253
9
162
10
142
10
108
10
281
10
198
10
218
10
66
10
37
10
129
10
19
10
126
10
258
10
23
